相机到仿真坐标系的外参 (Camera to Simulation):
[[-0.999366 -0.033294 0.012577 0.525000]
 [-0.034899 0.847402 -0.529803 0.760000]
 [0.006981 -0.529906 -0.848027 1.250000]
 [0.000000 0.000000 0.000000 1.000000]]

仿真坐标系到相机坐标系的外参 (Simulation to Camera):
[[-0.999366 -0.034899 0.006981 0.542464]
 [-0.033294 0.847402 -0.529906 0.035836]
 [0.012577 -0.529803 -0.848027 1.456082]
 [0.000000 0.000000 0.000000 1.000000]]